111 1012711111,

Bonorum-§SUO '⁸'
1111110111111911
Β111111119,19, Δ..Ρ996

m

91911 mmmmm&- ’

1111161111ὺώ 11911 1,6,1, 91

Β1111111,06,,.9911.9,9,,,91999. 616161011111

111,1,,...1111,.11 1111111111.. ,1111111
11,.1111,111,111.’,1111’,1. 1111111119

0111111106, 94,96
011611111111111161110199
111111111111116111111, 7, 67
,1111111616111199914Α9
1111111111111111111111106,

Βοιρο11111119,14.111.4.99
1111116121,ΕΡΙ,19,99
0111114, 27
11....1,ο’.1,11,1.11,11,11.1,11
111106616ῗὲ0649. 111.9,2, 169,
11110121Τώ1 1111916111. 04, 1919
6111“ 1111216
11111111111116, 11

119161111111111114111619β4
1119116911. 0614, 11

1191191111. 16,Ιῦ

Ι111111161ἰί. ,4,66

’0.

0111111116, 6,199
0191111699
0661111911, 7, 69. 19, 96

,0111111111 14 49

0111119166, 96
eachinnmtdbmm. 119
0111611191), 19, 99
&wi 91111 11 ,,.
wlfflssloss

0111111111. 9,6

6161111911

0161161111 16, ¹1⁷2
0161111161.

016119,16

1....1.11,11,1’1,1,11,1.111,,111 (1.11(11111>11.1.1.111

1111111111. 01111111111181018111

stultitiam (111 111111 unm) 11.
1111131112, 16, 11, 19, 92

1111111169616111191 wem·
1111911111 1111661111119111111.
01611ἶί110616, 9, iv. ¹1⁸⁸· ΕΜ*

Βη11111,611.16,17,1,,8.299.1, 01611111, 6.6,99

naefflff'sfiss 11. 1. 1111
119

Β111111111111.Ερ1. 19, 26

1111111106Η4Λ9 11,19,19,11,914,
29,,.6971“.·ΕΡΙ.,962,11.1,144.
1.,,294196999

0111111.1“,ρ114, 99

9111911118, 19,9

911111111ῡά14.9

mamm· 11,14,46

mmm 21, 19, 99, 99. Mus

mmm* 7111111

Bmm 111111 illinet
temni 1191111,
tragtonffm gyro 11111111 61111111.

1111111111.Ε111,19 .
Β111111111,06,,616

cadmum. P. 167

0161111.06,99,2

01611114, 44

01611111119, 11

01611111 111, 14, 16, 19 9 11, 19, 17
1111111111, 9111111

Cadmum!

01611111,06,11,9

0111111116, imam

emiliamm

0111111111, Epl. 1, 99

emmam

01111610697, 21

(111191111111111111

011191110699μ997,9111.96,9.

0111111111ὶᾶ9,99.11,9,44

0111111611.7,19.1,6111.17,4

Β11114111111991991119117,99. 111111011111

Mlefflourss

319111, ΒΛ, 99
Βηίοὶὶοᾶἷῖήιὶὃιῖλθ
mmmm

311999 911119 9911619191 (16140 ’

91111. et 711, 0111.

0161116011, 1, 999

016116, 9,129

9161111. om, 99 'm‘ 11 1919
0161111116. 9,119
01161111,06,6,16

cmmpossutunwm

1111111. ¹³ ’

 

