111 1101111011. xliii

0101010011.ο.1.11,11 ’1 01110011. 11101111
0111111111Ε111.10,00.11.0,100 101001010111118110111. 11. 10
0011110111 1. 8. 8, 00 101110110011 101111. 8. 0, 110
Cupio 0,0 1011100011οπ11. Ρ. 80
001111,14.0.111.1,111 11110011111111.18,101

Cupit i. 8.0, 100. 111111. 0, 01. Δ. Ρ. prudentiam 10101 101011 11, 80

00. 400 , sapientium 11111111 Lym 111. 00. 81,
cupressi i. od. 0, 11 15
0111111110 levi A. P. 888 110011110011011011111.Ε111.0,00
, 0111101101 10111111100. 14. 00 vino 11011111 i. od. 7, 81
. Cupressum A. P. 10 volantes summovet 11. 10, 11
0011111111 10010, 10. Ep. 8, 10 011111 (verb.) 0111111010 111110
Curi· 0118, 8. 8. 0. 0. 10, 10. 88, 8. bovoni disjunctum i. Epl. 14, 88 ’
1111, 18.17, 1. 111. 1, 4147. 10, 0110100010ᾱί1 10,17
1000. 11. 1, 88. 80. 1. 8. 8, 00. 77. 011 extra 0011111001 modumque 1111111
cur (1.. 10111... quoa) 1. 1111, 11 11....ῑῖ 00. 1, 11. 11. 1, 11. 1. 111.
001(1110111111111)11111111) 0, 7 17, 08. 11. 0, 188. Δ. Ρ. 00. 007
Cura (nom.) ἰ. 10. 00. fii. 18, 17. 01100110011111111101100. 18, 88
11. 14. l. 11. 8. 0, 10. 1. 8111. 14,0. carata 11. 8. 0, 80. 1. 81114, 10
11. 1, 101. Α. Ρ. 001 1 ’0011111111 1, 100
eura 10111111. Epi. 10, 18 Cutem A. Ρ. 80
..0111101110 0001111111111
0001111111. 10, 18 1011110111 10, 10 ⁴
000 0101001111. M, 08 0010111. 011188. 0. 8.71.Λ.Ρ.181
11010111. Ρ. 880 0011111100. 0,7 ⁰
110011011101 8,8 0111111111, 14
te 1111111 11. 8. 0, 00 0111111111 1. 1, 04
11111111 11. 00. 10, 00 curiosus . 17, 77
Cura 11. 8. 0, 88 0111111111ο’1111.00.80,11
0011011111. 00. 17,10.Α. Ρ. 188 ο11111011011001111.Ε111.8,88
0010 i. 8. 0, 81. 8, 18. 11. 4, 8. 111111. 10111111οΛ80
8, 80 Curium 1. 00. 10, 11
1001.. 01. nae 0010101. 11. s. 1, 11. 1111. 1. 11·
1111001170 8,0 =
001110 1. 8111. 1, 10. 0, 18 001111 i. 00. 08, 88
consumere 11. 8. 1, 08 001111 1. 8. 10, 0
ducere 1011111110 18111. 0, 81 currebat 1. 8, 10. ii. 8, 880
funere somno 11. 8. 7, 111 currens Ep. 0, 08
10110110111111100110 80 canente 111 00. 10, 10. Α. Ρ. 88
11101011111811.0,87 0111101111. 1111104 ..
redde brevem 11. 11111. 1, 010 ’ Currere 1. 8. 1, 01. 8. 47· 101 l· ¹¹· θ’
101110111ᾳὲ51 minorem 1100 habeant 11. c 1118 m
. , „ unere ,
0111100118111. 0, 00 01111111. Epl. 0. 84
emundi 0, 80 Curriculo 101. l, 8
curantem 4, 0 0111111 1. 11111. 1, 40
0001011111. 011. 0001111.01.1,11.1.8011.48
leviter videtur 11. Epl. l, 01 (le 101011 00111118. 8. 088
oderit quod 111111111100. 10, 00 Curru abeunte 111. 00. 0, 44
pelliculam 11. 8. 0, 88 1110111011. 8,0
0011111111. 11111. 0, 101 fugiente i. 11111. 18.7
01011010 eluere 11011111 amm 11. 011. fulgente 1. 8. 0, 08
1111 11011011011011010101Μ
10101011 relinquere frigida 1. 1111. 8,00 nitido C. 8.0
Cum (11001.) 11111111, 10 80111 1. 00. 00, 01
amor 0111011111. 0, 87 1111101011. 11111. 1, 177
auimo 000 01001111.Ε111.0,40 Currum voluermgit 1. 00818
0011011111. od. 11, 11 currunt i. s. 1, 11. 1, 11. 0111. 1177

 

