11( 1161111611. ¹ 66111

061κ61611611611116116166) 1.06606666166111166611161.11,24 ”’
16,,,1872721111μμ291619 61666166 · «
iv. 6, 26. 26 27, Ep. 2, 27 6616166111, 06, 21,6
161111, 06.Ι 7,17 06616666616661.1161.1,16
1111616111111661 6666111629, 26 066 661 66166661Ηο6 7, 26
16661 (pro 6111111) Ep 12,7 06666 mlo mentem 66666111118.,2
1166061118 ..6166 296
60611111. 06 27 46 61 Ε .6,.,16 06661..Ο6.22,1911.1, 24.16,21,
16,1.8,1.16..,96222ρ,986.4, 16296248181647112
8.,,67.,,67911,182..,842619, 169..,.1967781.Ερ1,,176.2
mmmmm 46.1,..,.6126161717,6.29,
6111 6111111, 26, 7 Δ (pro 6616616111,161 6616 161) 101.
0611 (pm 0611161)1. 0666, 2. Ep. 11, 22, 2. 111412, 11. 8, 21. Ep. 1,
9.1..,.,.,8176296472..1966, 69.,.,,.,228667086,26,..18
(1,,611 1,..,1611161,1,.’,6,1116.1;
66111611Ή1111161 1(.11,.1611.,,1166111-
0611661111 111. 06. 7, 27. 9, 2. 18, 2, (cum 166 antecedente) ..06 662.
98.148.6,69,9,21,11.1,44.2.26.,,μ8116111ω9η1116411
169.6,.,.2411161114,27 91.9..961.ΕρΙΙ,.,.,249816
06116661106,12,16, 1111061621, 19. 26, 21
11,,.62918.2,,166,7..2796.0666116161111,,,().61261,,Ε6)12
11.1,29.66.64.9,124 46
0611661111. Ι(16.2, 22. 16,6, 11124, 066611111111118.7,6
26.11,2,111,.,..81662177791106666,12
Deorum (pro 6616661666 Ι)6)11.06 0666 1611611611 18168
1,26 66616 0666 6611,2,188.189
0616116166. 11.1,19.6,.26 ii. (6661666111. 06.,.,166262.24,.12
8612, 14. Λ Ρ 249 262 26, 17. ii. 16, 26.18,22.111,1,41.
066(6166661.)1,.062,22.2,.164,]9, 11,46.16,44.11, 2,8.22.11, 18
27,1.,194916. 117,,6 18,,4 166616161ωώ1166611111861196
1696.121.6,11.6,11.29.1ο.(166666611111111)1106,6,11.
124.7...,.2118499,42 11627.1,,..8.2824,9111ἶρ1
066(161,)ῑ, 06 4.17 61114964, 16,66, 14221862
46. 1..,.,...18426624798169 (6166611)111.06.6,6.1.8.4,9.4,
46..7611.1,.,671162 6,....724816781111ψ9168
066661661111611111 Epl. 6, 27 i·Epl· 19, 27, Α, Ρ. 169 171

,6661116111661116 87 a 0666116 611116616166116,11111111 666 .

1666118627 611611861162
fit* 11. 1, 92 ’ 0666661116 661 06. 28, 26. 111, 29, 46.
. 16611666166611669 1..81,.,.64496118,212.,.812
1666161610,,6286 1..’,.’,..Ε])12647666Ρ.188.239
6161166611ἰὶ, 8. 2112 11661 6161611616 P. 266
61611611666111. 1161 612 0666616111 8, 9, 289
6116611111 ost1ter1p.s 9,16 0666111616661661111 661. 8.2, 126
66166611666166111611, 2, 96 06666661,116.4,17.11.8,12
,11611666101261 0661116661 9, 49
1666666616181 16 Quondam& 66. 112, 82. 2, 146. 6, 21.
,.,» ,1611111111 .
16661161, 06, 2,76. 1. 8. 9,62. 1. Quondam 16111166 111 16111116. moe
11611611 ’ 066611161.,,,8622Ρ119,.961 4, 26.
161611661161161(616 16611116 rem 6 62
1616111018 1, 79 066666 (1616111)06, 15 26. 16, 22.
111661111161161246 27,.,628 21. 11. 16, 29 ‘bs-»⁶
0666618991.. · 66.8,.41668.,11269...789
066611612196.1186112145 286. 912. 6,1. 79
0666666666666186116611118111621 ρωρ16666661ἐι66166111ὲ6ἐ6..164ἓ67 21
mum u ¹
161661, 6111616111 16661611, P. 166 116

6161616116... 11111161, 21)

 

